numberOfLocations = 10;
minArrival = [0,168,154,205,5,167,51,38,66,107];
maxArrival = [720,467,413,426,436,280,413,183,388,448];
workLoad = [0,69,72,45,50,16,11,11,7,11];
dist = [[0, 38, 24, 53, 21, 14, 42, 57, 78, 34],[38, 0, 56, 74, 70, 19, 88, 23, 29, 38],[24, 56, 0, 70, 60, 36, 79, 64, 44, 74],[53, 74, 70, 0, 85, 33, 31, 13, 17, 48],[21, 70, 60, 85, 0, 35, 53, 45, 56, 13],[14, 19, 36, 33, 35, 0, 20, 76, 53, 29],[42, 88, 79, 31, 53, 20, 0, 88, 83, 72],[57, 23, 64, 13, 45, 76, 88, 0, 79, 59],[78, 29, 44, 17, 56, 53, 83, 79, 0, 85],[34, 38, 74, 48, 13, 29, 72, 59, 85, 0]];